tempvar = 3.0328650011556393
salvar = 0.06086461523898359